N =

      500000


theta_now =

  Columns 1 through 3

         0    0.5000   25.0000

  Columns 4 through 5

    6.0000    0.2000


theta_now =

  Columns 1 through 3

   -1.3000         0         0

  Columns 4 through 5

         0    0.1000


epsilon =

    0.0100


derivative =

    0.3270
   -1.3670
   -0.0154
    0.2935
         0


energy =

  Columns 1 through 3

         0   -5.8324   -6.6494

  Columns 4 through 6

   -6.8720   -6.7449   -6.6924

  Columns 7 through 9

   -6.6442   -6.9686   -6.8950

Elapsed time is 10.413201 seconds.
compare 0.92216     0.32698
compare -1.8234      -1.367
compare -0.082369   -0.015374
compare 0.8548     0.29353
compare 0  0

N =

      500000


theta_now =

  Columns 1 through 3

         0    0.5000   25.0000

  Columns 4 through 5

    6.0000    0.2000


epsilon =

    0.0050


derivative =

   -0.2070
    3.7140
    0.0351
    0.4040
    5.8833


energy =

  Columns 1 through 3

         0   -2.7330   -2.7682

  Columns 4 through 6

   -2.7864   -2.7798   -2.7802

  Columns 7 through 9

   -2.7685   -2.7811   -2.7806

Elapsed time is 10.567881 seconds.
compare -0.12871    -0.20697
compare -0.50648       3.714
compare -0.0036313    0.035116
compare 0.038391     0.40396
compare -7.4515      5.8833


N =

      500000


theta_now =

  Columns 1 through 3

   -1.3000         0         0

  Columns 4 through 5

         0    0.1000


epsilon =

    0.0100


derivative =

    0.2945
    2.0739
    0.2930
    0.3068
         0


energy =

  Columns 1 through 3

         0   -5.9365   -6.7758

  Columns 4 through 6

   -6.8780   -7.3253   -7.0085

  Columns 7 through 9

   -6.4215   -6.7707   -7.0967

Elapsed time is 10.226244 seconds.
compare 1.0152     0.29449
compare 2.2459      2.0739
compare 0.25452     0.29296
compare 1.0243     0.30684
compare 0  0